4294967278,84
12,5
12,4
4294967278,83
4294967279,84
4294967279,83
4294967294,1099
4294967294,1668
4294967294,1620
4294967294,1598
4294967294,114
4294967278,457
12,6
12,3
12,2
12,1
4294967279,386
4294967278,244
11,6
4294967294,96
4294967294,94
11,3
11,2
11,1
0,7
4294967278,82
4294967278,81
4294967278,80
4294967278,79
4294967278,78
4294967279,82
4294967294,1597
4294967278,230
10,5
10,2
10,4
4294967294,1104
10,3
4294967278,224
4294967294,158
4294967294,1596
4294967294,1439
4294967294,1669
4294967279,222
4294967278,218
4294967294,1461
4294967294,1088
4294967294,45
4294967294,157
4294967294,1145
4294967294,51
4294967294,92
4294967294,91
4294967294,90
4294967294,88
4294967294,87
4294967294,86
4294967294,85
4294967294,38
4294967294,37
4294967294,93
4294967294,95
4294967294,967
4294967293,131
4294967293,130
4294967293,129
4294967293,128
4294967293,127
4294967293,126
4294967293,125
4294967293,124
4294967293,123
4294967293,122
4294967293,121
4294967293,120
4294967293,119
4294967293,118
4294967293,117
4294967293,116
4294967293,115
4294967293,114
4294967293,113
4294967293,112
4294967293,111
4294967293,110
4294967293,109
4294967293,108
4294967293,107
4294967293,106
4294967293,105
4294967293,104
4294967293,103
4294967293,102
4294967293,101
4294967293,100
4294967293,99
4294967293,98
4294967293,97
4294967293,96
4294967293,95
4294967293,94
4294967293,93
4294967293,92
4294967293,91
4294967293,90
4294967293,89
4294967293,87
4294967293,86
4294967293,85
4294967293,84
4294967293,83
4294967293,82
4294967293,81
4294967293,80
4294967293,79
4294967293,78
4294967293,77
4294967293,76
4294967293,75
4294967293,74
4294967293,73
4294967293,72
4294967293,71
4294967293,70
4294967293,69
4294967293,68
4294967293,67
4294967293,66
4294967293,65
4294967293,64
4294967293,63
4294967293,62
4294967293,61
4294967293,60
4294967293,59
4294967293,58
4294967293,57
4294967293,56
4294967293,55
4294967293,54
4294967293,53
4294967293,52
4294967293,51
4294967293,50
4294967293,49
4294967293,48
4294967293,47
4294967293,46
4294967293,45
4294967293,44
4294967293,43
4294967293,42
4294967293,41
4294967293,40
4294967293,39
4294967293,38
4294967293,37
4294967293,36
4294967293,35
4294967293,34
4294967293,33
4294967293,32
4294967293,31
4294967293,30
4294967293,29
4294967293,28
4294967293,27
4294967293,26
4294967293,25
4294967293,24
4294967293,23
4294967293,22
4294967293,21
4294967293,20
4294967293,19
4294967293,18
4294967293,17
4294967293,16
4294967293,15
4294967293,14
4294967293,13
4294967293,12
4294967293,11
4294967293,10
4294967293,9
4294967293,8
4294967293,7
4294967293,6
4294967293,5
4294967293,4
4294967293,3
4294967278,344
4294967278,343
4294967278,339
4294967278,348
4294967278,77
4294967278,72
4294967278,535
4294967278,71
4294967278,69
4294967278,68
4294967278,530
4294967278,66
4294967278,65
4294967278,64
4294967278,62
4294967278,525
4294967278,61
4294967278,55
4294967278,54
4294967278,53
4294967278,52
4294967278,50
4294967278,49
4294967278,48
4294967278,292
4294967278,46
4294967278,45
4294967278,44
4294967278,43
4294967278,40
4294967278,39
4294967278,34
4294967278,313
4294967278,542
4294967278,174
4294967278,0
4294967278,345
4294967278,260
4294967278,312
4294967278,4
4294967279,124
4294967279,113
4294967279,112
4294967279,111
4294967279,110
4294967279,399
4294967279,108
4294967279,107
4294967279,105
4294967279,104
4294967279,103
4294967279,102
4294967279,101
4294967279,100
4294967279,98
4294967279,97
4294967279,91
4294967279,81
4294967279,341
4294967279,77
4294967279,73
4294967279,336
4294967279,72
4294967279,70
4294967279,69
4294967279,68
4294967279,67
4294967279,66
4294967279,65
4294967279,63
4294967279,62
4294967279,325
4294967279,61
4294967279,398
4294967279,60
4294967279,59
4294967279,58
4294967279,57
4294967279,320
4294967279,56
4294967279,319
4294967279,55
4294967279,54
4294967279,404
4294967279,311
4294967279,53
4294967279,403
4294967279,317
4294967279,52
4294967279,51
4294967279,50
4294967279,49
4294967279,48
4294967279,47
4294967279,299
4294967279,46
4294967279,157
4294967279,45
4294967279,44
4294967279,43
4294967279,42
4294967279,41
4294967279,40
4294967279,39
4294967279,38
4294967279,37
4294967279,36
4294967279,308
4294967279,35
4294967279,30
4294967279,174
4294967279,88
4294967279,260
4294967279,0
4294967279,346
0,5
4294967294,6
4294967294,5
4294967294,22
4294967294,36
4294967294,7
4294967294,50
4294967294,40
4294967294,161
4294967294,475
4294967294,474
4294967294,979
4294967294,39
4294967294,44
4294967294,416
4294967294,473
4294967294,976
4294967294,12
4294967294,471
4294967294,81
4294967294,11
4294967294,17
4294967294,42
4294967294,76
4294967294,41
4294967294,115
4294967294,387
4294967294,116
4294967294,477
4294967294,953
4294967294,984
4294967294,983
4294967294,83
4294967294,67
4294967294,68
4294967294,1422
4294967294,1425
4294967294,950
4294967294,987
4294967294,82
4294967294,99
4294967294,8
4294967294,104
4294967294,1420
4294967294,24
4294967294,1108
4294967294,106
4294967294,107
4294967278,338
4294967279,331
4294967278,519
4294967278,517
4294967278,311
4294967278,309
4294967278,308
4294967278,516
4294967278,515
4294967278,290
4294967278,513
4294967278,301
4294967294,46
4294967294,1674
4294967294,1092
4294967294,923
4294967294,492
4294967294,1572
4294967294,424
4294967294,43
4294967294,1429
4294967294,744
4294967294,743
4294967294,741
4294967294,900
4294967294,739
4294967294,737
4294967294,735
4294967294,734
4294967294,732
4294967294,731
4294967294,730
4294967294,1095
4294967294,729
4294967294,727
4294967294,725
4294967294,724
4294967294,723
4294967294,722
4294967294,721
4294967294,720
4294967294,719
4294967294,718
4294967294,717
4294967294,716
4294967294,715
4294967294,714
4294967294,713
4294967294,708
4294967294,705
4294967294,704
4294967294,702
4294967294,701
4294967294,700
4294967294,914
4294967294,150
4294967294,696
4294967294,695
4294967294,694
4294967294,693
4294967294,692
4294967294,691
4294967294,689
4294967294,687
4294967294,686
4294967294,178
4294967294,685
4294967294,684
4294967294,682
4294967294,681
4294967294,680
4294967294,671
4294967294,670
4294967294,669
4294967294,665
4294967294,662
4294967294,661
4294967294,659
4294967294,656
4294967294,653
4294967294,652
4294967294,651
4294967294,649
4294967294,648
4294967294,646
4294967294,645
4294967294,644
4294967294,501
4294967294,640
4294967294,639
4294967294,638
4294967294,637
4294967294,635
4294967294,632
4294967294,630
4294967294,628
4294967294,627
4294967294,626
4294967294,625
4294967294,624
4294967294,922
4294967294,621
4294967294,620
4294967294,618
4294967294,617
4294967294,613
4294967294,612
4294967294,611
4294967294,610
4294967294,606
4294967294,605
4294967294,603
4294967294,602
4294967294,600
4294967294,599
4294967294,597
4294967294,595
4294967294,593
4294967294,592
4294967294,152
4294967294,590
4294967294,142
4294967294,588
4294967294,585
4294967294,583
4294967294,580
4294967294,579
4294967294,578
4294967294,2
4294967294,1672
4294967294,318
4294967294,314
4294967294,313
4294967294,311
4294967294,310
4294967294,309
4294967294,308
4294967294,307
4294967294,304
4294967294,303
4294967294,302
4294967294,301
4294967294,300
4294967294,299
4294967294,298
4294967294,296
4294967294,294
4294967294,1
4294967294,292
4294967294,290
4294967294,289
4294967294,288
4294967294,155
4294967294,287
4294967294,286
4294967294,285
4294967294,283
4294967294,27
4294967294,281
4294967294,280
4294967294,279
4294967294,278
4294967294,276
4294967294,275
4294967294,273
4294967294,25
4294967294,272
4294967294,270
4294967294,268
4294967294,267
4294967294,26
4294967294,29
4294967294,28
4294967294,264
4294967294,53
4294967294,262
4294967294,261
4294967294,260
4294967294,259
4294967294,133
4294967294,256
4294967294,253
4294967294,248
4294967294,247
4294967294,245
4294967294,244
4294967294,242
4294967294,241
4294967294,240
4294967294,238
4294967294,235
4294967294,233
4294967294,232
4294967294,231
4294967294,228
4294967294,227
4294967294,226
4294967294,225
4294967294,1569
4294967294,222
4294967294,221
4294967294,220
4294967294,219
4294967294,218
4294967294,216
4294967294,215
4294967294,211
4294967294,1134
4294967294,207
4294967294,1568
4294967294,205
4294967294,1122
4294967294,204
4294967294,1567
4294967294,202
4294967294,200
4294967294,199
4294967294,198
4294967294,1131
4294967294,195
4294967294,194
4294967294,193
4294967294,566
4294967294,1110
4294967294,564
4294967294,1094
4294967294,562
4294967294,559
4294967294,1566
4294967294,558
4294967294,557
4294967294,556
4294967294,555
4294967294,554
4294967294,153
4294967294,553
4294967294,552
4294967294,551
4294967294,561
4294967294,550
4294967294,549
4294967294,548
4294967294,547
4294967294,141
4294967294,546
4294967294,1667
4294967294,570
4294967294,545
4294967294,1563
4294967294,125
4294967294,544
4294967294,543
4294967294,542
4294967294,129
4294967294,541
4294967294,151
4294967294,540
4294967294,539
4294967294,538
4294967294,1564
4294967294,441
4294967294,149
4294967294,537
4294967294,145
4294967294,136
4294967294,128
4294967294,148
4294967294,571
4294967294,536
4294967294,622
4294967294,143
4294967294,619
4294967294,951
1,0
4294967294,1437
4294967294,1415
4294967294,1627
4294967294,1562
4294967294,1602
4294967294,1561
4294967294,1618
4294967294,1624
4294967294,84
4294967279,396
4294967278,514
4294967279,296
4294967279,397
4294967279,225
4294967278,336
4294967278,518
4294967279,318
4294967279,316
4294967278,337
4294967294,1438
4294967294,1666
4294967294,167
4294967294,1560
4294967294,1559
4294967294,1558
4294967294,1557
4294967294,1554
4294967294,1553
4294967294,1552
4294967294,1653
4294967294,1608
4294967294,1551
4294967294,1616
4294967294,1549
4294967294,1664
4294967294,1548
4294967294,1612
4294967294,512
4294967294,806
4294967294,1547
4294967294,1546
4294967294,1609
4294967294,1544
4294967294,785
4294967294,1466
4294967294,1619
4294967294,989
